points:
  - id: 0
    x: -0.50380182266235352
    y: 2.2523252964019775
    z: -1.6475952863693237
  - id: 1
    x: -0.31463146209716797
    y: 2.678452730178833
    z: -1.6735377311706543
  - id: 2
    x: -0.165549635887146
    y: 0.55486404895782471
    z: -0.87661713361740112
  - id: 3
    x: -0.55483251810073853
    y: 2.3584880828857422
    z: -1.662126898765564