image: map_nav.pgm
mode: trinary
resolution: 0.05000000074505806
origin: [-15.16474256515503, -15.40112934112549, 0.0]
negate: 0
occupied_thresh: 0.65
free_thresh: 0.25
